79, 47, 68, 87, 84, 91, 21, 32, 34, 2, 95, 31, 20, 22, 98, 39, 92, 41, 62, 1

1, 47, 68, 87, 84, 91, 21, 32, 34, 2, 95, 31, 20, 22, 98, 39, 92, 41, 62, 79
1, 47, 68, 62, 84, 91, 21, 32, 34, 2, 95, 31, 20, 22, 98, 39, 92, 41, 87, 79
1, 47, 68, 62, 41, 91, 21, 32, 34, 2, 95, 31, 20, 22, 98, 39, 92, 84, 87, 79
1, 47, 68, 62, 41, 39, 21, 32, 34, 2, 95, 31, 20, 22, 98, 91, 92, 84, 87, 79
1, 47, 68, 62, 41, 39, 21, 32, 34, 2, 22, 31, 20, 95, 98, 91, 92, 84, 87, 79
1, 47, 68, 62, 41, 39, 21, 32, 34, 2, 22, 31, 20, 79, 98, 91, 92, 84, 87, 95
1, 2, 68, 62, 41, 39, 21, 32, 34, 47, 22, 31, 20, 79, 98, 91, 92, 84, 87, 95
1, 2, 20, 62, 41, 39, 21, 32, 34, 47, 22, 31, 68, 79, 98, 91, 92, 84, 87, 95
1, 2, 20, 22, 41, 39, 21, 32, 34, 47, 62, 31, 68, 79, 98, 91, 92, 84, 87, 95
1, 2, 20, 22, 21, 39, 41, 32, 34, 47, 62, 31, 68, 79, 98, 91, 92, 84, 87, 95
1, 2, 20, 22, 21, 31, 41, 32, 34, 47, 62, 39, 68, 79, 98, 91, 92, 84, 87, 95
1, 2, 20, 21, 22, 31, 41, 32, 34, 47, 62, 39, 68, 79, 98, 91, 92, 84, 87, 95
1, 2, 20, 21, 22, 31, 34, 32, 41, 47, 62, 39, 68, 79, 98, 91, 92, 84, 87, 95
1, 2, 20, 21, 22, 31, 34, 32, 39, 47, 62, 41, 68, 79, 98, 91, 92, 84, 87, 95
1, 2, 20, 21, 22, 31, 32, 34, 39, 47, 62, 41, 68, 79, 98, 91, 92, 84, 87, 95
1, 2, 20, 21, 22, 31, 32, 34, 39, 41, 62, 47, 68, 79, 98, 91, 92, 84, 87, 95
1, 2, 20, 21, 22, 31, 32, 34, 39, 41, 47, 62, 68, 79, 98, 91, 92, 84, 87, 95
1, 2, 20, 21, 22, 31, 32, 34, 39, 41, 47, 62, 68, 79, 87, 91, 92, 84, 98, 95
1, 2, 20, 21, 22, 31, 32, 34, 39, 41, 47, 62, 68, 79, 87, 91, 92, 84, 95, 98
1, 2, 20, 21, 22, 31, 32, 34, 39, 41, 47, 62, 68, 79, 84, 91, 92, 87, 95, 98
1, 2, 20, 21, 22, 31, 32, 34, 39, 41, 47, 62, 68, 79, 84, 87, 92, 91, 95, 98
1, 2, 20, 21, 22, 31, 32, 34, 39, 41, 47, 62, 68, 79, 84, 87, 91, 92, 95, 98

1, 2, 20, 21, 22, 31, 32, 34, 39, 41, 47, 62, 68, 79, 84, 87, 91, 92, 95, 98
